1.850532897865474240e+02 1.510940884079605269e+02 1.232703444167675002e+02 9.767191216580252444e+01 7.608916666939921924e+01 5.949235382051394083e+01 4.886265136215131832e+01 4.141400276468140618e+01 3.494775342224971837e+01 2.923770887195806978e+01
1.510940884079605269e+02 1.241549580216830861e+02 1.011948212898375914e+02 8.018779007155352190e+01 6.245114021788911174e+01 4.877941672982948518e+01 4.004102720401562010e+01 3.393472163961373411e+01 2.860627475587826751e+01 2.391410154964745161e+01
1.232703444167675002e+02 1.011948212898375914e+02 8.262449289228689508e+01 6.548431232893875631e+01 5.099404396634087533e+01 3.983459460699029364e+01 3.270578454697682247e+01 2.772601863969643077e+01 2.337566975202076591e+01 1.955127825855923618e+01
9.767191216580252444e+01 8.018779007155352190e+01 6.548431232893875631e+01 5.197531572810138556e+01 4.047598092167859107e+01 3.162253394484244851e+01 2.596212676234278049e+01 2.201181259915606958e+01 1.855387180616910925e+01 1.551157483438814744e+01
7.608916666939921924e+01 6.245114021788911174e+01 5.099404396634087533e+01 4.047598092167859107e+01 3.155514568519662788e+01 2.467838312403264212e+01 2.027525466338283522e+01 1.719813269134592559e+01 1.449450809745723667e+01 1.211594900576517553e+01
5.949235382051394083e+01 4.877941672982948518e+01 3.983459460699029364e+01 3.162253394484244851e+01 2.467838312403264212e+01 1.934808543151652316e+01 1.592751347425232211e+01 1.352821170161944053e+01 1.141480293659147804e+01 9.547665482314602770e+00
4.886265136215131832e+01 4.004102720401562010e+01 3.270578454697682247e+01 2.596212676234278049e+01 2.027525466338283522e+01 1.592751347425232211e+01 1.314693330837346075e+01 1.118556299040694491e+01 9.452930468370860595e+00 7.913253451555984697e+00
4.141400276468140618e+01 3.393472163961373411e+01 2.772601863969643077e+01 2.201181259915606958e+01 1.719813269134592559e+01 1.352821170161944053e+01 1.118556299040694491e+01 9.538121353008328640e+00 8.077078798034367679e+00 6.767346823488288976e+00
3.494775342224971837e+01 2.860627475587826751e+01 2.337566975202076591e+01 1.855387180616910925e+01 1.449450809745723667e+01 1.141480293659147804e+01 9.452930468370860595e+00 8.077078798034367679e+00 6.868133478109060164e+00 5.768142846654670031e+00
2.923770887195806978e+01 2.391410154964745161e+01 1.955127825855923618e+01 1.551157483438814744e+01 1.211594900576517553e+01 9.547665482314602770e+00 7.913253451555984697e+00 6.767346823488288976e+00 5.768142846654670031e+00 4.863561414956315332e+00
