1.556437761860640023e+02 1.250592383412015636e+02 1.030233210887338231e+02 8.111354147668477310e+01 6.370353831362901786e+01 5.092915558234565054e+01 4.311606787234794780e+01 3.753671206638595237e+01 3.279941880768802775e+01 2.882748274805938848e+01
1.250592383412015636e+02 1.013936455033126691e+02 8.339689083301909989e+01 6.563005881475807257e+01 5.152311553605328953e+01 4.119479703511013469e+01 3.490300454696252785e+01 3.039742356822356584e+01 2.654677435470769353e+01 2.332380098259219281e+01
1.030233210887338231e+02 8.339689083301909989e+01 6.895887066119790632e+01 5.430673863195231377e+01 4.271421096705626752e+01 3.415942745892895260e+01 2.891349422241900768e+01 2.516965193370819875e+01 2.199378788185575573e+01 1.933162193425802045e+01
8.111354147668477310e+01 6.563005881475807257e+01 5.430673863195231377e+01 4.281954198472115536e+01 3.369126483905263569e+01 2.694929097526626194e+01 2.280381481263465560e+01 1.984679945510020360e+01 1.734089606215319534e+01 1.524313778999787061e+01
6.370353831362901786e+01 5.152311553605328953e+01 4.271421096705626752e+01 3.369126483905263569e+01 2.655936249898740797e+01 2.126261274854047656e+01 1.798286249075586696e+01 1.562716457516210866e+01 1.363978844312699223e+01 1.198459472921900648e+01
5.092915558234565054e+01 4.119479703511013469e+01 3.415942745892895260e+01 2.694929097526626194e+01 2.126261274854047656e+01 1.705440440447541306e+01 1.443319621673552255e+01 1.253356191367552341e+01 1.093248043509627898e+01 9.601845723828908774e+00
4.311606787234794780e+01 3.490300454696252785e+01 2.891349422241900768e+01 2.280381481263465560e+01 1.798286249075586696e+01 1.443319621673552255e+01 1.224975055074215824e+01 1.067264309958074975e+01 9.329660754155270297e+00 8.194694015682415511e+00
3.753671206638595237e+01 3.039742356822356584e+01 2.516965193370819875e+01 1.984679945510020360e+01 1.562716457516210866e+01 1.253356191367552341e+01 1.067264309958074975e+01 9.368157077299640534e+00 8.236993176731898458e+00 7.245339072395975855e+00
3.279941880768802775e+01 2.654677435470769353e+01 2.199378788185575573e+01 1.734089606215319534e+01 1.363978844312699223e+01 1.093248043509627898e+01 9.329660754155270297e+00 8.236993176731898458e+00 7.287808440816648137e+00 6.420430185575941806e+00
2.882748274805938848e+01 2.332380098259219281e+01 1.933162193425802045e+01 1.524313778999787061e+01 1.198459472921900648e+01 9.601845723828908774e+00 8.194694015682415511e+00 7.245339072395975855e+00 6.420430185575941806e+00 5.671091359668957388e+00
