4.404665510691671670e+02 2.736489929020009413e+02 2.074765602995898064e+02 1.519498004414522256e+02 1.143779719511905455e+02 8.951775789728479538e+01 7.333887889443766994e+01 6.175580007803985438e+01 5.376233949778610111e+01 4.880678767961261144e+01
2.736489929020009413e+02 2.073895865736625694e+02 1.514467296289671197e+02 1.123948790620763987e+02 8.398762991320396054e+01 6.574875119256923028e+01 5.407564927995805704e+01 4.587616142862918167e+01 4.021060705422542725e+01 3.656713745826250772e+01
2.074765602995898064e+02 1.514467296289671197e+02 1.153155357131114584e+02 8.505466018079917490e+01 6.377533911264762168e+01 4.990201350542675129e+01 4.102849025225535229e+01 3.479796946595981666e+01 3.050074034883705565e+01 2.774510045570725225e+01
1.519498004414522256e+02 1.123948790620763987e+02 8.505466018079917490e+01 6.331266971289139889e+01 4.737916499116710867e+01 3.707910237106696627e+01 3.050528104796269702e+01 2.591732913051149723e+01 2.274463229540568676e+01 2.068728849062312491e+01
1.143779719511905455e+02 8.398762991320396054e+01 6.377533911264762168e+01 4.737916499116710867e+01 3.555505918770860063e+01 2.781307334981723045e+01 2.288311608245122031e+01 1.943444537315869880e+01 1.705219082444912004e+01 1.551124239335479515e+01
8.951775789728479538e+01 6.574875119256923028e+01 4.990201350542675129e+01 3.707910237106696627e+01 2.781307334981723045e+01 2.177615527044473609e+01 1.791550289825172371e+01 1.521914571368395919e+01 1.335544999239454356e+01 1.215062263037063772e+01
7.333887889443766994e+01 5.407564927995805704e+01 4.102849025225535229e+01 3.050528104796269702e+01 2.288311608245122031e+01 1.791550289825172371e+01 1.475492952872235897e+01 1.254265536266801639e+01 1.101580299029402532e+01 1.002577506238488247e+01
6.175580007803985438e+01 4.587616142862918167e+01 3.479796946595981666e+01 2.591732913051149723e+01 1.943444537315869880e+01 1.521914571368395919e+01 1.254265536266801639e+01 1.067948608315938586e+01 9.389936270046577604e+00 8.550775878451142731e+00
5.376233949778610111e+01 4.021060705422542725e+01 3.050074034883705565e+01 2.274463229540568676e+01 1.705219082444912004e+01 1.335544999239454356e+01 1.101580299029402532e+01 9.389936270046577604e+00 8.268590689746337929e+00 7.534875691262075570e+00
4.880678767961261144e+01 3.656713745826250772e+01 2.774510045570725225e+01 2.068728849062312491e+01 1.551124239335479515e+01 1.215062263037063772e+01 1.002577506238488247e+01 8.550775878451142731e+00 7.534875691262075570e+00 6.871001645529046797e+00
